Ground_Truth/GroundT_FamilyPhoto/07-c140-12family-red-rr-398h.png: 0.7466609561879382
Ground_Truth/GroundT_FamilyPhoto/2007_family.png: 0.8094374900243975
Ground_Truth/GroundT_FamilyPhoto/3115267-My-very-large-Indian-family-2.png: 0.49457407407407405
Ground_Truth/GroundT_FamilyPhoto/Afishingfamilygettogether.png: 0.8361335011166661
Ground_Truth/GroundT_FamilyPhoto/CDVP-group.png: 0.8100651041666667
Ground_Truth/GroundT_FamilyPhoto/Family-Cell-C.png: 0.681859649122807
Ground_Truth/GroundT_FamilyPhoto/FamilyChildrenServiceMinneapolis4.png: 0.7260762529983588
Ground_Truth/GroundT_FamilyPhoto/FamilyPhoto07.png: 0.9476276276276276
Ground_Truth/GroundT_FamilyPhoto/Family_1.png: 0.8372105881539844
Ground_Truth/GroundT_FamilyPhoto/Family_Bryce.png: 0.79003125
Ground_Truth/GroundT_FamilyPhoto/Family_JennysWedding_10_04.png: 0.6929143126177024
Ground_Truth/GroundT_FamilyPhoto/MyIndianFamily-2007-1.png: 0.8674999159183399
Ground_Truth/GroundT_FamilyPhoto/NewFamily-08.png: 0.6955271317829458
Ground_Truth/GroundT_FamilyPhoto/PIC_0111.png: 0.98626953125
Ground_Truth/GroundT_FamilyPhoto/PatCassidyFamily.png: 0.9827948676215278
Ground_Truth/GroundT_FamilyPhoto/RoundsFamily.png: 0.918249059215364
Ground_Truth/GroundT_FamilyPhoto/YuFamilyPhoto.png: 0.8441001157407407
Ground_Truth/GroundT_FamilyPhoto/abbasprize.png: 0.9623322758201616
Ground_Truth/GroundT_FamilyPhoto/beck-family.png: 0.6205003940110323
Ground_Truth/GroundT_FamilyPhoto/buck_family.png: 0.9072009966777409
Ground_Truth/GroundT_FamilyPhoto/chinese-wedding-.png: 0.8004106666666667
Ground_Truth/GroundT_FamilyPhoto/chinessfolks.png: 0.9018579931972789
Ground_Truth/GroundT_FamilyPhoto/crawford_family.png: 0.9327134902056639
Ground_Truth/GroundT_FamilyPhoto/f_family.png: 0.7249779346866726
Ground_Truth/GroundT_FamilyPhoto/family-photo-2005-10.png: 0.9317666666666666
Ground_Truth/GroundT_FamilyPhoto/family.png: 0.7630645751953125
Ground_Truth/GroundT_FamilyPhoto/family4.png: 0.8456235362997658
Ground_Truth/GroundT_FamilyPhoto/familySri.png: 0.8725010786710772
Ground_Truth/GroundT_FamilyPhoto/family_bible_study.png: 0.8142035928143713
Ground_Truth/GroundT_FamilyPhoto/family_fun_summer.png: 0.672546992481203
Ground_Truth/GroundT_FamilyPhoto/family_matters_03.png: 0.4739185474537037
Ground_Truth/GroundT_FamilyPhoto/family_portraits_001.png: 0.6613851851851852
Ground_Truth/GroundT_FamilyPhoto/friends.png: 0.43925106382978724
Ground_Truth/GroundT_FamilyPhoto/image6.png: 0.74083984375
Ground_Truth/GroundT_FamilyPhoto/indianfamilyrandom.png: 0.7873020833333333
Ground_Truth/GroundT_FamilyPhoto/infohiding.png: 0.7990651168603925
Ground_Truth/GroundT_FamilyPhoto/large_Chapman-family.png: 0.47372207567009167
Ground_Truth/GroundT_FamilyPhoto/obama.png: 0.9376221036489297
Ground_Truth/GroundT_FamilyPhoto/obama_family.png: 0.7016237251744498
Ground_Truth/GroundT_FamilyPhoto/one-family.png: 0.8478671796587487
Ground_Truth/GroundT_FamilyPhoto/our-familly.png: 0.819460206605558
Ground_Truth/GroundT_FamilyPhoto/royal_family_fs_108e_2.png: 0.8533866453418633
Ground_Truth/GroundT_FamilyPhoto/sdwstage25kaward.png: 0.7323152655769806
Ground_Truth/GroundT_FamilyPhoto/uid56fid51_SitasFamily.png: 0.7475219843116154
Ground_Truth/GroundT_FamilyPhoto/unknown.png: 0.7346666666666667
Ground_Truth/GroundT_FamilyPhoto/vick-family.png: 0.7819961240310077