Ground_Truth/GroundT_FacePhoto/0520962400.png: 0.8075618443049936
Ground_Truth/GroundT_FacePhoto/06Apr03Face.png: 0.554306632213609
Ground_Truth/GroundT_FacePhoto/124511719065943_2.png: 0.8279953917050691
Ground_Truth/GroundT_FacePhoto/920480_f520.png: 0.7401861042183623
Ground_Truth/GroundT_FacePhoto/Aishwarya-Rai_20091229_aatheory.png: 0.6965331610680447
Ground_Truth/GroundT_FacePhoto/Kishani_-__n_-_5.png: 0.6980125523012553
Ground_Truth/GroundT_FacePhoto/Matthew_narrowweb__300x381,0.png: 0.5766491688538933
Ground_Truth/GroundT_FacePhoto/Megan-Fox-Pretty-Face-1-1024x768.png: 0.7669881184895834
Ground_Truth/GroundT_FacePhoto/Salma-Hayek-face-wi-new-lg.png: 0.647925
Ground_Truth/GroundT_FacePhoto/Srilankan-Actress-Yamuna-Erandathi-001.png: 0.7059781461148649
Ground_Truth/GroundT_FacePhoto/Srilankan-Actress-Yamuna-Erandathi-002.png: 0.8273699817518249
Ground_Truth/GroundT_FacePhoto/amida-belly-dancer.png: 0.7428292181069959
Ground_Truth/GroundT_FacePhoto/chenhao0017me9.png: 0.8476312757201646
Ground_Truth/GroundT_FacePhoto/dulani_anuradha4.png: 0.7215029761904762
Ground_Truth/GroundT_FacePhoto/dulani_anuradha7.png: 0.6137079831932774
Ground_Truth/GroundT_FacePhoto/evangeline-lilly-face-wallpapers_1593_1024.png: 0.412567138671875
Ground_Truth/GroundT_FacePhoto/gvkM2-eJH8Pl.png: 0.8799556748923838
Ground_Truth/GroundT_FacePhoto/josh-hartnett-Poster-thumb.png: 0.6300078125
Ground_Truth/GroundT_FacePhoto/m(01-32)_gr.png: 0.6060390625
Ground_Truth/GroundT_FacePhoto/m_unsexy_gr.png: 0.59034375
Ground_Truth/GroundT_FacePhoto/mandy-moore-face-wallpapers_1913_1600.png: 0.6683463541666667
Ground_Truth/GroundT_FacePhoto/normalc67bdab.png: 0.4358703354511716
Ground_Truth/GroundT_FacePhoto/pg42RF.png: 0.5372651933701658
Ground_Truth/GroundT_FacePhoto/pic447a1uu2.png: 0.7268734501744211
Ground_Truth/GroundT_FacePhoto/sara_badr.png: 0.7667202326293235
Ground_Truth/GroundT_FacePhoto/sarah.png: 0.887550140013623
Ground_Truth/GroundT_FacePhoto/sri-lankan-actress-Natasha-Perera-.png: 0.8152884615384616
Ground_Truth/GroundT_FacePhoto/st-vincent-actor-album-art.png: 0.8095550095550096
Ground_Truth/GroundT_FacePhoto/tang-wei-1.png: 0.6496992481203008
Ground_Truth/GroundT_FacePhoto/toddler_mollie_aug07_400.png: 0.7559495192307693
Ground_Truth/GroundT_FacePhoto/w_sexy.png: 0.62148
Ground_Truth/GroundT_FacePhoto/yamuna_erandathi.png: 0.9159420289855073
