Ground_Truth/GroundT_FacePhoto/0520962400.png: 0.6153659777578562
Ground_Truth/GroundT_FacePhoto/06Apr03Face.png: 0.7744670542635659
Ground_Truth/GroundT_FacePhoto/124511719065943_2.png: 0.8953609831029186
Ground_Truth/GroundT_FacePhoto/920480_f520.png: 0.8429032258064516
Ground_Truth/GroundT_FacePhoto/Aishwarya-Rai_20091229_aatheory.png: 0.9300028710881424
Ground_Truth/GroundT_FacePhoto/Kishani_-__n_-_5.png: 0.9352902719665271
Ground_Truth/GroundT_FacePhoto/Matthew_narrowweb__300x381,0.png: 0.8932020997375328
Ground_Truth/GroundT_FacePhoto/Megan-Fox-Pretty-Face-1-1024x768.png: 0.9604237874348959
Ground_Truth/GroundT_FacePhoto/Salma-Hayek-face-wi-new-lg.png: 0.9506833333333333
Ground_Truth/GroundT_FacePhoto/Srilankan-Actress-Yamuna-Erandathi-001.png: 0.431566722972973
Ground_Truth/GroundT_FacePhoto/Srilankan-Actress-Yamuna-Erandathi-002.png: 0.6464963503649636
Ground_Truth/GroundT_FacePhoto/amida-belly-dancer.png: 0.8558847736625514
Ground_Truth/GroundT_FacePhoto/chenhao0017me9.png: 0.9776362139917696
Ground_Truth/GroundT_FacePhoto/dulani_anuradha4.png: 0.4446577380952381
Ground_Truth/GroundT_FacePhoto/dulani_anuradha7.png: 0.701811974789916
Ground_Truth/GroundT_FacePhoto/evangeline-lilly-face-wallpapers_1593_1024.png: 0.9232381184895834
Ground_Truth/GroundT_FacePhoto/gvkM2-eJH8Pl.png: 0.7980863487192601
Ground_Truth/GroundT_FacePhoto/josh-hartnett-Poster-thumb.png: 0.73228125
Ground_Truth/GroundT_FacePhoto/m(01-32)_gr.png: 0.9735625
Ground_Truth/GroundT_FacePhoto/m_unsexy_gr.png: 0.9660390625
Ground_Truth/GroundT_FacePhoto/mandy-moore-face-wallpapers_1913_1600.png: 0.75099609375
Ground_Truth/GroundT_FacePhoto/normalc67bdab.png: 0.9201346768995488
Ground_Truth/GroundT_FacePhoto/pg42RF.png: 0.9513720073664825
Ground_Truth/GroundT_FacePhoto/pic447a1uu2.png: 0.9076619173706553
Ground_Truth/GroundT_FacePhoto/sara_badr.png: 0.9356060606060606
Ground_Truth/GroundT_FacePhoto/sarah.png: 0.6235601301748278
Ground_Truth/GroundT_FacePhoto/sri-lankan-actress-Natasha-Perera-.png: 0.9392744755244755
Ground_Truth/GroundT_FacePhoto/st-vincent-actor-album-art.png: 0.41561015561015563
Ground_Truth/GroundT_FacePhoto/tang-wei-1.png: 0.9437385129490392
Ground_Truth/GroundT_FacePhoto/toddler_mollie_aug07_400.png: 0.6560456730769231
Ground_Truth/GroundT_FacePhoto/w_sexy.png: 0.96916
Ground_Truth/GroundT_FacePhoto/yamuna_erandathi.png: 0.2838768115942029