Ground_Truth/GroundT_FacePhoto/0520962400.png: 0.5379909383858696
Ground_Truth/GroundT_FacePhoto/06Apr03Face.png: 0.8181578380706288
Ground_Truth/GroundT_FacePhoto/124511719065943_2.png: 0.9157373271889401
Ground_Truth/GroundT_FacePhoto/920480_f520.png: 0.6921885856079405
Ground_Truth/GroundT_FacePhoto/Aishwarya-Rai_20091229_aatheory.png: 0.9094171691070916
Ground_Truth/GroundT_FacePhoto/Kishani_-__n_-_5.png: 0.9813807531380753
Ground_Truth/GroundT_FacePhoto/Matthew_narrowweb__300x381,0.png: 0.8865879265091864
Ground_Truth/GroundT_FacePhoto/Megan-Fox-Pretty-Face-1-1024x768.png: 0.921051025390625
Ground_Truth/GroundT_FacePhoto/Salma-Hayek-face-wi-new-lg.png: 0.9200916666666666
Ground_Truth/GroundT_FacePhoto/Srilankan-Actress-Yamuna-Erandathi-001.png: 0.3430320945945946
Ground_Truth/GroundT_FacePhoto/Srilankan-Actress-Yamuna-Erandathi-002.png: 0.6383234489051095
Ground_Truth/GroundT_FacePhoto/amida-belly-dancer.png: 0.8113168724279836
Ground_Truth/GroundT_FacePhoto/chenhao0017me9.png: 0.9715654320987654
Ground_Truth/GroundT_FacePhoto/dulani_anuradha4.png: 0.7827083333333333
Ground_Truth/GroundT_FacePhoto/dulani_anuradha7.png: 0.8939075630252101
Ground_Truth/GroundT_FacePhoto/evangeline-lilly-face-wallpapers_1593_1024.png: 0.926544189453125
Ground_Truth/GroundT_FacePhoto/gvkM2-eJH8Pl.png: 0.9113881430337126
Ground_Truth/GroundT_FacePhoto/josh-hartnett-Poster-thumb.png: 0.7129375
Ground_Truth/GroundT_FacePhoto/m(01-32)_gr.png: 0.9668359375
Ground_Truth/GroundT_FacePhoto/m_unsexy_gr.png: 0.9600546875
Ground_Truth/GroundT_FacePhoto/mandy-moore-face-wallpapers_1913_1600.png: 0.7627734375
Ground_Truth/GroundT_FacePhoto/normalc67bdab.png: 0.6363963920683153
Ground_Truth/GroundT_FacePhoto/pg42RF.png: 0.947403314917127
Ground_Truth/GroundT_FacePhoto/pic447a1uu2.png: 0.8440507712352373
Ground_Truth/GroundT_FacePhoto/sara_badr.png: 0.8324915824915825
Ground_Truth/GroundT_FacePhoto/sarah.png: 0.6053356542798759
Ground_Truth/GroundT_FacePhoto/sri-lankan-actress-Natasha-Perera-.png: 0.9716783216783217
Ground_Truth/GroundT_FacePhoto/st-vincent-actor-album-art.png: 0.2567021567021567
Ground_Truth/GroundT_FacePhoto/tang-wei-1.png: 0.8925605680868839
Ground_Truth/GroundT_FacePhoto/toddler_mollie_aug07_400.png: 0.8606009615384616
Ground_Truth/GroundT_FacePhoto/w_sexy.png: 0.96748
Ground_Truth/GroundT_FacePhoto/yamuna_erandathi.png: 0.20745471014492753
